,Ad_Free_Option,Ad_Frequency,Community_Engagement,Cost,Customer_Support,Customization_Options,Geographical_Availability,Integration_Capabilities,Mobile_Optimization,Number_of_Downloads,Platform_Availability,Platform_Compatibility,Privacy_and_Security,Subscription_Cost,Update_Frequency,User_Base,User_Interface_and_Ease_of_Use,User_Ratings,User_Reviews_and_Ratings
Ad_Free_Option,1.0,0.2764077058578224,0.18894334266144583,0.2190190050340004,0.2307020522814691,0.222626194471649,0.2296186205738743,0.2261828806430163,0.24030103951586904,0.21799654411597857,0.27250977944014854,0.27195881133204747,0.16205342509291276,0.12590654113261,0.23464775079784542,0.1987921204896058,0.29173314235017594,0.2615859246884633,0.27627057599623317
Ad_Frequency,0.2764077058578224,1.0,0.19178925890086232,0.22747758780987762,0.2186811869634903,0.22956900775322084,0.2381684656253651,0.21327688209575987,0.2494542880639927,0.19388654251156923,0.2584403266361354,0.2511643648668563,0.1707037852329768,0.13056257355086845,0.24743755743238274,0.20935397639719755,0.2774763325246159,0.25755294914777066,0.26831307025226153
Community_Engagement,0.18894334266144583,0.19178925890086232,1.0,0.22376633954801126,0.24459546122039577,0.210080780003434,0.23975712316951028,0.23726011826226134,0.2771866800791391,0.21530832018696325,0.2605689607231672,0.2733330739509316,0.15668812830009873,0.13853532443833452,0.2489197975492571,0.24858064521478007,0.276938272825314,0.27001627561497427,0.28542450259331664
Cost,0.2190190050340004,0.22747758780987762,0.22376633954801126,1.0,0.23272367248769266,0.19924059951548267,0.2507842767216744,0.23646321141999302,0.276912393237853,0.242573671002024,0.2787872510831731,0.2813051415617261,0.14334421913336512,0.1964554874201082,0.2490685222877195,0.2148546790947868,0.28421456254878724,0.26867456053161537,0.2831272031753758
Customer_Support,0.2307020522814691,0.2186811869634903,0.24459546122039577,0.23272367248769266,1.0,0.2561248583612911,0.25500062527939055,0.28831089289575945,0.3151795668304751,0.26994876356261127,0.3321362317580052,0.3398619937529941,0.15653362312268929,0.17075412220512268,0.29174106037992215,0.2729062783655946,0.3046557678586001,0.3025604967310222,0.31518392072111323
Customization_Options,0.222626194471649,0.22956900775322084,0.210080780003434,0.19924059951548267,0.2561248583612911,1.0,0.21287304267100718,0.2534499107174294,0.2419728181933014,0.21247095875805613,0.24968605466009816,0.2743446211892211,0.13655367006369457,0.12548979496481208,0.2672310653786049,0.19001003718391796,0.27793326661741796,0.25304910473847086,0.2752791042760116
Geographical_Availability,0.2296186205738743,0.2381684656253651,0.23975712316951028,0.2507842767216744,0.25500062527939055,0.21287304267100718,1.0,0.2609192590659435,0.3097150096683999,0.34528241460997533,0.3325789953060236,0.3374565440340238,0.16834113983259902,0.19819878021323598,0.3196136682866904,0.3425404374791756,0.3207434400445964,0.3056103089471704,0.2848364261716356
Integration_Capabilities,0.2261828806430163,0.21327688209575987,0.23726011826226134,0.23646321141999302,0.28831089289575945,0.2534499107174294,0.2609192590659435,1.0,0.2900124852016319,0.2805367111006258,0.3122979316258376,0.3334477151600633,0.1592632164146454,0.286728957276186,0.28203820638922245,0.27120747102308135,0.29990592189080195,0.30599021937576887,0.2939605765229948
Mobile_Optimization,0.24030103951586904,0.2494542880639927,0.2771866800791391,0.276912393237853,0.3151795668304751,0.2419728181933014,0.3097150096683999,0.2900124852016319,1.0,0.32194218363078836,0.3118678044752639,0.3430812646321398,0.14142859022728438,0.12957527981362663,0.3300326133273022,0.3125694168243592,0.3358152584804321,0.3030064228051042,0.3300509441116897
Number_of_Downloads,0.21799654411597857,0.19388654251156923,0.21530832018696325,0.242573671002024,0.26994876356261127,0.21247095875805613,0.34528241460997533,0.2805367111006258,0.32194218363078836,1.0,0.34901837092634075,0.33764734032642035,0.1486407741377489,0.2191115388694401,0.32981776155420317,0.34546618361291753,0.3320014354808251,0.3361711443040538,0.29449227732166816
Platform_Availability,0.27250977944014854,0.2584403266361354,0.2605689607231672,0.2787872510831731,0.3321362317580052,0.24968605466009816,0.3325789953060236,0.3122979316258376,0.3118678044752639,0.34901837092634075,1.0,0.4100006557563585,0.16153585786039384,0.2621711100576131,0.31516740473695853,0.30333187844779125,0.38035480470419597,0.3604802417861821,0.337737905652073
Platform_Compatibility,0.27195881133204747,0.2511643648668563,0.2733330739509316,0.2813051415617261,0.3398619937529941,0.2743446211892211,0.3374565440340238,0.3334477151600633,0.3430812646321398,0.33764734032642035,0.4100006557563585,1.0,0.18588845364817871,0.1856938381879872,0.3556203355467998,0.3161963159112489,0.3694417679328596,0.3680475781606298,0.3649306089203285
Privacy_and_Security,0.16205342509291276,0.1707037852329768,0.15668812830009873,0.14334421913336512,0.15653362312268929,0.13655367006369457,0.16834113983259902,0.1592632164146454,0.14142859022728438,0.1486407741377489,0.16153585786039384,0.18588845364817871,1.0,0.0916056068829318,0.16312690194083154,0.15067289402052506,0.15809240846315967,0.16679710558206284,0.17374179304979065
Subscription_Cost,0.12590654113261,0.13056257355086845,0.13853532443833452,0.1964554874201082,0.17075412220512268,0.12548979496481208,0.19819878021323598,0.286728957276186,0.12957527981362663,0.2191115388694401,0.2621711100576131,0.1856938381879872,0.0916056068829318,1.0,0.163170027978131,0.19044676567918015,0.1765255899698659,0.3111116507933691,0.15745503782947332
Update_Frequency,0.23464775079784542,0.24743755743238274,0.2489197975492571,0.2490685222877195,0.29174106037992215,0.2672310653786049,0.3196136682866904,0.28203820638922245,0.3300326133273022,0.32981776155420317,0.31516740473695853,0.3556203355467998,0.16312690194083154,0.163170027978131,1.0,0.2860879732895451,0.34233183331124933,0.3128013804587017,0.32540821767984096
User_Base,0.1987921204896058,0.20935397639719755,0.24858064521478007,0.2148546790947868,0.2729062783655946,0.19001003718391796,0.3425404374791756,0.27120747102308135,0.3125694168243592,0.34546618361291753,0.30333187844779125,0.3161963159112489,0.15067289402052506,0.19044676567918015,0.2860879732895451,1.0,0.2797905749699093,0.31781587984076975,0.28819096433921787
User_Interface_and_Ease_of_Use,0.29173314235017594,0.2774763325246159,0.276938272825314,0.28421456254878724,0.3046557678586001,0.27793326661741796,0.3207434400445964,0.29990592189080195,0.3358152584804321,0.3320014354808251,0.38035480470419597,0.3694417679328596,0.15809240846315967,0.1765255899698659,0.34233183331124933,0.2797905749699093,1.0,0.37025095349208215,0.383741010281478
User_Ratings,0.2615859246884633,0.25755294914777066,0.27001627561497427,0.26867456053161537,0.3025604967310222,0.25304910473847086,0.3056103089471704,0.30599021937576887,0.3030064228051042,0.3361711443040538,0.3604802417861821,0.3680475781606298,0.16679710558206284,0.3111116507933691,0.3128013804587017,0.31781587984076975,0.37025095349208215,1.0,0.3708603246029201
User_Reviews_and_Ratings,0.27627057599623317,0.26831307025226153,0.28542450259331664,0.2831272031753758,0.31518392072111323,0.2752791042760116,0.2848364261716356,0.2939605765229948,0.3300509441116897,0.29449227732166816,0.337737905652073,0.3649306089203285,0.17374179304979065,0.15745503782947332,0.32540821767984096,0.28819096433921787,0.383741010281478,0.3708603246029201,1.0
