,Ad_Free_Option,Ad_Frequency,Community_Engagement,Cost,Customer_Support,Customization_Options,Geographical_Availability,Integration_Capabilities,Mobile_Optimization,Number_of_Downloads,Platform_Availability,Platform_Compatibility,Privacy_and_Security,Subscription_Cost,Update_Frequency,User_Base,User_Interface_and_Ease_of_Use,User_Ratings,User_Reviews_and_Ratings
Ad_Free_Option,1.0,-0.02091667370268994,-0.22322170316491152,-0.1849033619841981,-0.11766869902722506,-0.14150980746171965,-0.13429615480185053,-0.16574344554361706,-0.11739772363258161,-0.20112609125329559,-0.03258336696294897,-0.040501800489669594,-0.35504811756775484,-0.4773236036586295,-0.10184585799468922,-0.22776131266412944,0.013410385265001892,-0.08964119084383952,-0.06987306597358571
Ad_Frequency,-0.020916673702689948,1.0,-0.20508752986993684,-0.08071369498971144,-0.11190582167884873,-0.11238480159650908,-0.07881611586451903,-0.15817581006400847,-0.05460978528739643,-0.2110796462825311,-0.021342303716969786,-0.04975993032216216,-0.3173476952372683,-0.1401033098508165,-0.05772072917369783,-0.165908796401315,0.022017463984033314,-0.041670225904300716,-0.013661032828008882
Community_Engagement,-0.22322170316491152,-0.20508752986993684,1.0,-0.16700688943824113,-0.07215073224851827,-0.1931919156122659,-0.08288528544127581,-0.13931830854106475,-0.007915705221614625,-0.202650914117443,-0.00981662152301376,-0.01653457168794073,-0.36662038278198955,-0.4002377799844741,-0.10993471736119263,-0.05036110583688664,0.024315614707328195,-0.022063033756390172,-0.004314728350451294
Cost,-0.18490336198419807,-0.08071369498971144,-0.16700688943824113,1.0,-0.14238112762866534,-0.2064521574937679,-0.08729746387749171,-0.13133715456748243,-0.044054979999885835,-0.11475145833092248,-0.027610595164560603,-0.012659167830344467,-0.40380681755312925,-0.2712206874716065,-0.09271556617324388,-0.2050829684353447,0.026232604917280338,-0.056792019565177564,0.009607677212143248
Customer_Support,-0.11766869902722506,-0.11190582167884873,-0.07215073224851827,-0.14238112762866534,1.0,-0.10179240127970862,-0.08968471736454438,-0.003606789580901474,0.04099808830257715,-0.053587813065020556,0.10670777009075876,0.14830222280221694,-0.3089949634492956,-0.30015897530024566,0.01497332416652363,-0.021764187647054123,0.05058699235202114,0.029578214620809354,0.09602637245035735
Customization_Options,-0.14150980746171965,-0.11238480159650908,-0.19319191561226592,-0.2064521574937679,-0.10179240127970862,1.0,-0.1999824387453147,-0.08182850917925481,-0.10155593370428757,-0.2040614929583265,-0.08432721425575214,-0.0107490475646354,-0.4060728770086722,-0.4335136020797363,-0.026525387592550558,-0.23382318760947918,-0.011459827750803722,-0.11187073657078929,-0.019202956782835064
Geographical_Availability,-0.13429615480185053,-0.07881611586451903,-0.08288528544127581,-0.08729746387749171,-0.08968471736454438,-0.1999824387453147,1.0,-0.11575039413342943,0.04328300287845116,0.14957905557413112,0.08717722636211779,0.09032973935793266,-0.2715843992991081,-0.3080073842030463,0.08832911124420302,0.13494358344591148,0.11583475243479825,0.09398883714226113,0.017146159194861916
Integration_Capabilities,-0.16574344554361706,-0.15817581006400847,-0.13931830854106475,-0.13133715456748243,-0.003606789580901474,-0.08182850917925481,-0.11575039413342943,1.0,0.006674395481206514,-0.07480819498550596,0.030717418357225978,0.10364265694203852,-0.31183366545549457,0.013733882925086704,-0.0188660353495408,-0.04249862267406962,0.029883504305890537,0.027707730793053182,0.006243054018895153
Mobile_Optimization,-0.11739772363258161,-0.05460978528739643,-0.007915705221614625,-0.044054979999885835,0.04099808830257715,-0.10155593370428757,0.04328300287845116,0.006674395481206514,1.0,0.06904075075799217,0.055301605652935376,0.1599182106153273,-0.3929157964696206,-0.42620877743679014,0.09925271648404128,0.04936451487469315,0.1130156675561139,0.038028171682385654,0.08717818104949208
Number_of_Downloads,-0.20112609125329559,-0.2110796462825311,-0.202650914117443,-0.11475145833092248,-0.053587813065020556,-0.2040614929583265,0.14957905557413112,-0.07480819498550596,0.06904075075799217,1.0,0.08516028052997104,0.07513629828066484,-0.35835894116174555,-0.20672063423606116,0.135722068223625,0.14777571931471678,0.11404130122352656,0.07005730306520033,-0.008800158104403202
Platform_Availability,-0.03258336696294898,-0.021342303716969786,-0.00981662152301376,-0.027610595164560603,0.10670777009075876,-0.08432721425575214,0.08717722636211779,0.030717418357225978,0.055301605652935376,0.08516028052997104,1.0,0.2812971254529451,-0.31119917025005117,-0.07881308891997137,0.08992779145113317,0.01564609840338818,0.22976674129028515,0.18337441257393608,0.11727233996069471
Platform_Compatibility,-0.040501800489669594,-0.04975993032216216,-0.01653457168794073,-0.012659167830344467,0.14830222280221694,-0.0107490475646354,0.09032973935793266,0.10364265694203852,0.1599182106153273,0.07513629828066484,0.2812971254529451,1.0,-0.25937041084892204,-0.31189880281779486,0.17154835443078473,0.05045362894233615,0.2083491622379721,0.17338012938083414,0.17024643261378772
Privacy_and_Security,-0.35504811756775484,-0.3173476952372683,-0.36662038278198955,-0.40380681755312925,-0.3089949634492956,-0.4060728770086722,-0.2715843992991081,-0.31183366545549457,-0.3929157964696206,-0.35835894116174555,-0.31119917025005117,-0.25937041084892204,1.0,-0.28170306545420165,-0.33996969937067995,-0.3392587453159956,-0.32201731445210285,-0.31088617140614366,-0.30106637312499657
Subscription_Cost,-0.4773236036586295,-0.1401033098508165,-0.4002377799844741,-0.2712206874716065,-0.30015897530024566,-0.4335136020797363,-0.3080073842030463,0.013733882925086704,-0.42620877743679014,-0.20672063423606116,-0.07881308891997137,-0.31189880281779486,-0.28170306545420165,1.0,-0.37329579088225384,-0.21402047777135824,-0.2781626482018735,0.022588087011584934,-0.3049315363063614
Update_Frequency,-0.10184585799468922,-0.05772072917369783,-0.10993471736119263,-0.09271556617324388,0.01497332416652363,-0.026525387592550558,0.08832911124420302,-0.0188660353495408,0.09925271648404128,0.135722068223625,0.08992779145113317,0.17154835443078473,-0.33996969937067995,-0.37329579088225384,1.0,0.03758596230775089,0.15464693397351714,0.0718794084281344,0.07642411132805828
User_Base,-0.22776131266412944,-0.165908796401315,-0.05036110583688664,-0.2050829684353447,-0.021764187647054123,-0.23382318760947918,0.13494358344591145,-0.04249862267406962,0.04936451487469315,0.14777571931471678,0.015646098403388185,0.05045362894233615,-0.3392587453159956,-0.21402047777135824,0.03758596230775089,1.0,0.004323800003275068,0.09063582827198247,0.02114048876389715
User_Interface_and_Ease_of_Use,0.013410385265001892,0.022017463984033314,0.024315614707328195,0.026232604917280338,0.05058699235202114,-0.011459827750803722,0.11583475243479825,0.029883504305890537,0.1130156675561139,0.11404130122352656,0.22976674129028515,0.2083491622379721,-0.3220173144521029,-0.2781626482018735,0.15464693397351714,0.004323800003275068,1.0,0.23637663726400993,0.21031469431449612
User_Ratings,-0.08964119084383952,-0.041670225904300716,-0.02206303375639017,-0.056792019565177564,0.029578214620809354,-0.11187073657078929,0.09398883714226113,0.027707730793053182,0.038028171682385654,0.07005730306520033,0.18337441257393608,0.17338012938083414,-0.31088617140614366,0.022588087011584934,0.0718794084281344,0.09063582827198247,0.23637663726400993,1.0,0.2022766641752541
User_Reviews_and_Ratings,-0.06987306597358571,-0.013661032828008882,-0.004314728350451297,0.009607677212143248,0.09602637245035735,-0.019202956782835064,0.017146159194861916,0.006243054018895153,0.08717818104949208,-0.008800158104403202,0.11727233996069471,0.17024643261378772,-0.30106637312499657,-0.3049315363063614,0.07642411132805828,0.021140488763897167,0.21031469431449612,0.2022766641752541,1.0
