,Ad_Free_Option,Ad_Frequency,Community_Engagement,Cost,Customer_Support,Customization_Options,Geographical_Availability,Integration_Capabilities,Mobile_Optimization,Number_of_Downloads,Platform_Availability,Platform_Compatibility,Privacy_and_Security,Subscription_Cost,Update_Frequency,User_Base,User_Interface_and_Ease_of_Use,User_Ratings,User_Reviews_and_Ratings
Ad_Free_Option,1.0,0.0455303693563958,-0.2052965455403467,-0.1326190930653889,-0.019406632500538812,-0.12465834116658286,-0.1098180755711382,-0.12522594209593074,-0.09936581731357974,-0.17856482460786552,-0.004913355090146697,-0.015760313299276414,-0.30853367289737116,-0.30453929215785075,-0.05472604610223161,-0.1910777444735019,0.03139193789677096,-0.06012837297282664,-0.032985294817844936
Ad_Frequency,0.0455303693563958,1.0,-0.16295149064218795,0.021247913863364942,-0.006761211748753685,-0.058355168550571615,-0.08418671374095096,-0.10639342587904393,-0.014787300720770223,-0.14409935198910795,0.04421772221059557,0.02659759855522408,-0.31590618513477386,-0.21015496477622475,-0.03395802874047875,-0.12435828298285106,0.06899195821343025,0.009412362940591263,0.04161478675456313
Community_Engagement,-0.2052965455403467,-0.16295149064218792,1.0,-0.12220737162150973,-0.034578017244310366,-0.18592925519267103,-0.07200015250671453,-0.14212493393737224,-0.006301051142529266,-0.17337905504183931,0.014078595085424443,-0.003563053772436157,-0.401392868273981,-0.2762881155505306,-0.08431721300353265,-0.02026062583848828,0.03233104948556393,-0.024031532741506455,-0.00796372971625971
Cost,-0.1326190930653889,0.021247913863364942,-0.12220737162150973,1.0,-0.00037075849045697354,-0.18039425996118463,-0.06649089916193482,-0.11738329424037058,-0.02199371201746677,-0.09241903660505184,-0.0199648615017278,0.005918588192364364,-0.3711375633114065,-0.10029765476443113,-0.07510566499309704,-0.18001390367728737,0.03341141231914076,-0.030885036919713317,0.021035458137824
Customer_Support,-0.019406632500538812,-0.006761211748753685,-0.034578017244310366,-0.00037075849045697354,1.0,-0.069791695558425,0.006093316736735834,0.049329589708719,0.09845884832086461,-0.0009223119463743767,0.19189246265355847,0.24539218837638285,-0.27937708049690513,-0.10570236142041811,0.04673713438488745,0.01370278946531719,0.12221127649992602,0.07179850525142012,0.15813021113663248
Customization_Options,-0.12465834116658286,-0.058355168550571615,-0.18592925519267103,-0.18039425996118463,-0.069791695558425,1.0,-0.18754067733159085,-0.0730077451323734,-0.09536143664742903,-0.1790590977455441,-0.0749331150375102,-0.0033521962441637114,-0.38591059822458224,-0.24081565349764236,-0.01878850849494899,-0.22815513066826115,-0.0006272105751841679,-0.09315104514146746,-0.011967008633739418
Geographical_Availability,-0.1098180755711382,-0.08418671374095096,-0.07200015250671453,-0.06649089916193482,0.006093316736735834,-0.18754067733159085,1.0,-0.11745500410656648,0.051229022903801553,0.11048014301701027,0.103378434424215,0.10228214269117052,-0.3006896449738375,-0.2143910458263055,0.07998518406954071,0.13974074521926813,0.11846421172405307,0.09604340972033759,0.03244291057467358
Integration_Capabilities,-0.12522594209593074,-0.1063934258790439,-0.14212493393737224,-0.11738329424037058,0.049329589708719,-0.07300774513237339,-0.11745500410656648,1.0,0.013184534723865602,-0.1073786399733363,0.03911618363267452,0.11012302216035627,-0.32917620425794974,-0.23106174481777886,-0.030691015246885174,-0.07579907769224,0.038350905304528775,0.02808910758868524,0.01050832592324553
Mobile_Optimization,-0.09936581731357974,-0.014787300720770223,-0.006301051142529261,-0.02199371201746677,0.09845884832086459,-0.09536143664742903,0.051229022903801553,0.013184534723865602,1.0,0.08029431428976605,0.06635026754932799,0.16387080338535978,-0.3937650426725521,-0.23019045401699337,0.10889106095637235,0.04796414295419175,0.11905112591120519,0.05003513404127719,0.08277108975277404
Number_of_Downloads,-0.17856482460786552,-0.14409935198910795,-0.17337905504183931,-0.09241903660505184,-0.0009223119463743767,-0.1790590977455441,0.11048014301701027,-0.1073786399733363,0.08029431428976605,1.0,0.09487494502268379,0.10104934708847409,-0.3505157556291225,-0.22301567610426354,0.12626327457954792,0.146240837690442,0.11655019150175863,0.04740130320641963,0.008815731254350024
Platform_Availability,-0.0049133550901466995,0.04421772221059557,0.014078595085424443,-0.0199648615017278,0.19189246265355847,-0.0749331150375102,0.103378434424215,0.03911618363267452,0.06635026754932799,0.09487494502268379,1.0,0.28984196049746025,-0.27133701843894786,-0.07401334341836771,0.10547090744110604,0.021941995101503176,0.22976674129028515,0.19032372294058772,0.12714018946971503
Platform_Compatibility,-0.015760313299276414,0.02659759855522408,-0.003563053772436157,0.005918588192364364,0.24539218837638285,-0.0033521962441637114,0.10228214269117052,0.11012302216035627,0.16387080338535978,0.10104934708847409,0.28984196049746025,1.0,-0.25223442181492484,-0.11967643860387506,0.1814144618222108,0.054290348049410124,0.2139457504557906,0.19307707374974697,0.17995723365891958
Privacy_and_Security,-0.3085336728973712,-0.31590618513477386,-0.401392868273981,-0.3711375633114065,-0.27937708049690513,-0.38591059822458224,-0.3006896449738375,-0.32917620425794974,-0.3937650426725521,-0.3505157556291225,-0.27133701843894786,-0.25223442181492484,1.0,-0.4225545981813025,-0.3445921779262362,-0.3678450024082712,-0.311809989944797,-0.31511112247566003,-0.28035653707757086
Subscription_Cost,-0.30453929215785075,-0.21015496477622475,-0.2762881155505306,-0.10029765476443113,-0.10570236142041811,-0.24081565349764233,-0.2143910458263055,-0.23106174481777886,-0.23019045401699337,-0.22301567610426357,-0.07401334341836772,-0.11967643860387506,-0.4225545981813025,1.0,-0.2063545394007583,-0.2367003325973893,-0.12482708134689154,-0.13363630761783327,-0.14641906708536725
Update_Frequency,-0.05472604610223161,-0.03395802874047875,-0.08431721300353265,-0.07510566499309704,0.04673713438488745,-0.01878850849494899,0.07998518406954071,-0.030691015246885174,0.10889106095637235,0.12626327457954792,0.10547090744110604,0.1814144618222108,-0.3445921779262362,-0.2063545394007583,1.0,0.031032810343633043,0.16374335858538783,0.0892295248288635,0.08134285506875845
User_Base,-0.1910777444735019,-0.12435828298285106,-0.02026062583848828,-0.18001390367728737,0.01370278946531719,-0.22815513066826115,0.13974074521926813,-0.07579907769223998,0.04796414295419175,0.146240837690442,0.02194199510150318,0.05429034804941013,-0.3678450024082712,-0.2367003325973893,0.031032810343633043,1.0,0.011630846914362702,0.047827304966972725,0.016304743996501423
User_Interface_and_Ease_of_Use,0.03139193789677096,0.06899195821343025,0.03233104948556393,0.03341141231914076,0.12221127649992602,-0.0006272105751841679,0.11846421172405307,0.038350905304528775,0.11905112591120519,0.11655019150175863,0.22976674129028515,0.2139457504557906,-0.311809989944797,-0.12482708134689154,0.16374335858538783,0.011630846914362713,1.0,0.24454930395479293,0.21997321163976133
User_Ratings,-0.06012837297282664,0.009412362940591263,-0.024031532741506455,-0.030885036919713317,0.07179850525142012,-0.09315104514146746,0.09604340972033759,0.02808910758868524,0.05003513404127719,0.047401303206419616,0.19032372294058772,0.19307707374974697,-0.31511112247566003,-0.13363630761783327,0.0892295248288635,0.047827304966972725,0.24454930395479293,1.0,0.22858980310875113
User_Reviews_and_Ratings,-0.032985294817844936,0.04161478675456313,-0.007963729716259726,0.021035458137824,0.15813021113663248,-0.011967008633739418,0.03244291057467358,0.010508325923245528,0.08277108975277404,0.008815731254350024,0.12714018946971503,0.17995723365891958,-0.2803565370775708,-0.14641906708536725,0.08134285506875845,0.016304743996501423,0.21997321163976133,0.22858980310875113,1.0
