Ad_Free_Option,Ad_Frequency,Community_Engagement,Cost,Customer_Support,Customization_Options,Geographical_Availability,Integration_Capabilities,Mobile_Optimization,Number_of_Downloads,Platform_Availability,Platform_Compatibility,Privacy_and_Security,Subscription_Cost,Update_Frequency,User_Base,User_Interface_and_Ease_of_Use,User_Ratings,User_Reviews_and_Ratings
1.0,0.4340098828737578,0.299585910096404,0.34416582592116285,0.36116981115527674,0.34703243817733687,0.36261243428220197,0.35763341712295466,0.3745842030748114,0.34196981714565294,0.42479158129043215,0.4239327254564813,0.255149378372808,0.1962646581433125,0.37143357507781655,0.31479645249836624,0.4547571947999609,0.4108172306571587,0.4306539570160038
0.4340098828737578,1.0,0.3040561529266958,0.3618885705042558,0.3420010328733673,0.3578549805409252,0.37125992077922926,0.3325260188148059,0.3888523990004396,0.3049217041934041,0.4028599459678898,0.3915180876619948,0.2695786413329395,0.2035225384937163,0.3857086945954144,0.33162835240209293,0.4325335050578951,0.40528533485134804,0.4182496996163099
0.299585910096404,0.3040561529266958,1.0,0.352578130932969,0.3835505564564718,0.3274764924756988,0.37373633961341873,0.3699113810449626,0.43208199127886115,0.338185219552471,0.4061780868495733,0.4260749428557373,0.24678588802984025,0.21595056020977818,0.388019228640808,0.39674026641003596,0.43169477100965414,0.4244934177126228,0.44492320989265394
0.34416582592116285,0.3618885705042558,0.352578130932969,1.0,0.36455560973296525,0.3105786863844429,0.3909256016068036,0.36905351648808243,0.4316544295918037,0.38144367117782857,0.43457698096021513,0.4385018994717564,0.22714801860452805,0.3062372195442591,0.388251062584376,0.338969425282053,0.4430371405345628,0.42118786446532724,0.4413421514277081
0.36116981115527674,0.3420010328733673,0.3835505564564718,0.36455560973296525,1.0,0.39925056566631056,0.39749809737111513,0.4502399339456397,0.4913057683999789,0.42294576840469383,0.5177380253368701,0.529781037742763,0.24503637027418115,0.26617361671346784,0.4547695375216918,0.4279798036338103,0.4749011416903263,0.4723827232629661,0.4913125552980226
0.34703243817733687,0.3578549805409252,0.3274764924756988,0.3105786863844429,0.39925056566631056,1.0,0.33182910571539054,0.3950808245221961,0.3771901921494533,0.33120233238804486,0.38921367960861536,0.427651755077984,0.21286153310365452,0.19561502911356063,0.41656305716924313,0.2961899727864179,0.4332457795172766,0.3944560432540074,0.42910843875716204
0.36261243428220197,0.37125992077922926,0.37373633961341873,0.3909256016068036,0.39749809737111513,0.33182910571539054,1.0,0.41081064324751493,0.48278754977788463,0.5382304561519927,0.518428210577513,0.5260313932641859,0.26241223024228844,0.30895468569819423,0.5042676485474232,0.5339562286228098,0.4999788021002069,0.47638909202830493,0.4440065091650738
0.35763341712295466,0.3325260188148059,0.3699113810449626,0.36905351648808243,0.4502399339456397,0.3950808245221961,0.41081064324751493,1.0,0.45207501336599415,0.4380169207108711,0.4868138401550735,0.5197823817241564,0.24841624244015578,0.44695660982639657,0.44530684258391484,0.4230415578268623,0.46749702363007845,0.47760621338589476,0.458229346465255
0.3745842030748114,0.3888523990004396,0.43208199127886115,0.4316544295918037,0.4913057683999789,0.3771901921494533,0.48278754977788463,0.45207501336599415,1.0,0.5018474182819322,0.48614335268551007,0.5347992766117095,0.22046061835193545,0.20198353292590618,0.5144588791666084,0.48723703460708134,0.5234729372443993,0.47233012242339417,0.5144874534177867
0.34196981714565294,0.3049217041934041,0.338185219552471,0.38144367117782857,0.42294576840469383,0.33120233238804486,0.5382304561519927,0.4380169207108711,0.5018474182819322,1.0,0.5440541106077013,0.526328808861226,0.23472087469684708,0.3415537499848586,0.5141239655916706,0.5419154464394352,0.517527903249314,0.5266898970537625,0.45905816818132644
0.42479158129043215,0.4028599459678898,0.4061780868495733,0.43457698096021513,0.5177380253368701,0.38921367960861536,0.518428210577513,0.4868138401550735,0.48614335268551007,0.5440541106077013,1.0,0.6391140429773442,0.25180407336792116,0.4086755368517012,0.49128680997967084,0.47283744666467803,0.5929017273201932,0.5619210152637528,0.526469983199898
0.4239327254564813,0.3915180876619948,0.4260749428557373,0.4385018994717564,0.529781037742763,0.427651755077984,0.5260313932641859,0.5197823817241564,0.5347992766117095,0.526328808861226,0.6391140429773442,1.0,0.28976519789883687,0.2894618289362692,0.5543453339043841,0.49289068931799096,0.5758903519622135,0.5737170718722983,0.5688583020507476
0.255149378372808,0.2695786413329395,0.24678588802984025,0.22714801860452805,0.24503637027418115,0.21286153310365452,0.26241223024228844,0.24841624244015578,0.22046061835193545,0.23472087469684708,0.25180407336792116,0.28976519789883687,1.0,0.14279594179267555,0.25428421236410853,0.2377291655911907,0.2464363822797342,0.26261525845797257,0.2708308346125436
0.1962646581433125,0.2035225384937163,0.21595056020977818,0.3062372195442591,0.26617361671346784,0.19561502911356063,0.30895468569819423,0.44695660982639657,0.20198353292590618,0.3415537499848586,0.4086755368517012,0.2894618289362692,0.14279594179267555,1.0,0.2543514377591636,0.2968707505129205,0.2751702513413657,0.48496465106646874,0.24544284113083326
0.37143357507781655,0.3857086945954144,0.388019228640808,0.388251062584376,0.4547695375216918,0.41656305716924313,0.5042676485474232,0.44530684258391484,0.5144588791666084,0.5141239655916706,0.49128680997967084,0.5543453339043841,0.25428421236410853,0.2543514377591636,1.0,0.44595743613866157,0.5336310538913221,0.48759862236087387,0.5072503146019406
0.31479645249836624,0.33162835240209293,0.39674026641003596,0.338969425282053,0.4279798036338103,0.2961899727864179,0.5339562286228098,0.4230415578268623,0.48723703460708134,0.5419154464394352,0.47283744666467803,0.49289068931799096,0.2377291655911907,0.2968707505129205,0.44595743613866157,1.0,0.4361409745213589,0.49900402612398825,0.4492356043396906
0.4547571947999609,0.4325335050578951,0.43169477100965414,0.4430371405345628,0.4749011416903263,0.4332457795172766,0.4999788021002069,0.46749702363007845,0.5234729372443993,0.517527903249314,0.5929017273201932,0.5758903519622135,0.2464363822797342,0.2751702513413657,0.5336310538913221,0.4361409745213589,1.0,0.5771517203210507,0.5981801860408428
0.4108172306571587,0.40528533485134804,0.4244934177126228,0.42118786446532724,0.4723827232629661,0.3944560432540074,0.47638909202830493,0.47760621338589476,0.47233012242339417,0.5266898970537625,0.5619210152637528,0.5737170718722983,0.26261525845797257,0.48496465106646874,0.48759862236087387,0.49900402612398825,0.5771517203210507,1.0,0.5781016154708593
0.4306539570160038,0.4182496996163099,0.44492320989265394,0.4413421514277081,0.4913125552980226,0.42910843875716204,0.4440065091650738,0.458229346465255,0.5144874534177867,0.45905816818132644,0.526469983199898,0.5688583020507476,0.2708308346125436,0.24544284113083326,0.5072503146019406,0.4492356043396906,0.5981801860408428,0.5781016154708593,1.0
