Ad_Free_Option,Ad_Frequency,Community_Engagement,Cost,Customer_Support,Customization_Options,Geographical_Availability,Integration_Capabilities,Mobile_Optimization,Number_of_Downloads,Platform_Availability,Platform_Compatibility,Privacy_and_Security,Subscription_Cost,Update_Frequency,User_Base,User_Interface_and_Ease_of_Use,User_Ratings,User_Reviews_and_Ratings
1.0,0.3735989385529262,0.21333712421573944,0.2682885924194717,0.26964245139091764,0.23335876045487494,0.24048471126691984,0.29151450968935627,0.2864081215308209,0.2704307694447922,0.3415631999220956,0.34160945564319795,0.20530358360112957,0.15298471126691984,0.24602826815797893,0.23510078878177035,0.38544405492258255,0.3321039049566657,0.40481668127373643
0.3735989385529262,1.0,0.18946221637939428,0.21364422046937384,0.19174213652741257,0.2403386405687019,0.23290972830850132,0.22807478819748753,0.27119851007887813,0.16431736293699484,0.2997370727432077,0.28676721199727334,0.18129402408543513,0.14731838543188233,0.2588482325445516,0.22885423767325608,0.3264294640828383,0.30269500438212094,0.31797156490408024
0.21333712421573944,0.18946221637939428,1.0,0.2950141201674944,0.2718010517090272,0.22043894244814488,0.29064214301944363,0.3340819456617003,0.35082616891337315,0.25239886343085294,0.28455545817509004,0.34423751095530236,0.14701407147726164,0.1520595968448729,0.3636490894926478,0.2963294327046883,0.3359553023663453,0.3525294575908073,0.3885724023760833
0.2682885924194717,0.21364422046937384,0.2950141201674944,1.0,0.2913724965105333,0.1654676696854611,0.29258082578634725,0.30140268445483165,0.3509125361119226,0.28816029365620366,0.36714707696302784,0.3614832436041901,0.12600423605024832,0.2644549128444834,0.2757856918132992,0.2748286989084535,0.3452965235173824,0.34683325365840706,0.34980889083649824
0.26964245139091764,0.19174213652741257,0.2718010517090272,0.2913724965105333,1.0,0.3335463531015678,0.3267844970298958,0.4203914694712241,0.48613545622748083,0.3417567435972344,0.4805320219430648,0.4947739150193138,0.10401450968935631,0.16048300710877397,0.39251631122796765,0.34838470152887324,0.40550443081117926,0.4267577174018891,0.434276300840718
0.23335876045487494,0.2403386405687019,0.22043894244814488,0.1654676696854611,0.3335463531015678,1.0,0.22134579803291463,0.30983918944041644,0.2568708557972362,0.23016307750093903,0.2870963392435785,0.3086291264972247,0.07904615834063684,0.08098402960366151,0.28996737754406465,0.16911943714090952,0.34038920350270047,0.29069341530997966,0.2854498092228153
0.24048471126691984,0.23290972830850132,0.29064214301944363,0.29258082578634725,0.3267844970298958,0.22134579803291463,1.0,0.39258812932125814,0.4157719836400817,0.49412761014426215,0.4991191494258979,0.49689234589541337,0.11974145486415426,0.3367599084623625,0.39057478819748753,0.499433299791173,0.3794833744987119,0.3737957862081438,0.32726463682496404
0.29151450968935627,0.22807478819748753,0.3340819456617003,0.30140268445483165,0.4203914694712241,0.30983918944041644,0.39258812932125814,1.0,0.39843217450579416,0.4263803680981595,0.4670076855659678,0.5051469633524849,0.12563905930470345,0.3415802415035543,0.4100715746421268,0.36602395559450773,0.41387119186198934,0.4464090953354756,0.42043794651156613
0.2864081215308209,0.27119851007887813,0.35082616891337315,0.3509125361119226,0.48613545622748083,0.2568708557972362,0.4157719836400817,0.39843217450579416,1.0,0.434955935339371,0.44210122699386506,0.4530301554841432,0.13130538513974094,0.11478722368292921,0.4602809426429058,0.45433586522543573,0.45018146475201687,0.40783326251117663,0.47219123752866077
0.2704307694447922,0.16431736293699484,0.25239886343085294,0.28816029365620366,0.3417567435972344,0.23016307750093903,0.49412761014426215,0.4263803680981595,0.434955935339371,1.0,0.5544831531794722,0.5028544648943422,0.11754430811179277,0.2551855097867368,0.3895157756354075,0.472522478657448,0.43268940500535596,0.5106683777805601,0.41871165644171776
0.3415631999220956,0.2997370727432077,0.28455545817509004,0.36714707696302784,0.4805320219430648,0.2870963392435785,0.4991191494258979,0.4670076855659678,0.44210122699386506,0.5544831531794722,1.0,0.6542023728373422,0.13495802206363117,0.36004601226993865,0.37758105051049834,0.465080988087123,0.570363472587399,0.4852549745187782,0.5042734373913164
0.34160945564319795,0.28676721199727334,0.34423751095530236,0.3614832436041901,0.4947739150193138,0.3086291264972247,0.49689234589541337,0.5051469633524849,0.4530301554841432,0.5028544648943422,0.6542023728373422,1.0,0.15228739757661755,0.2774247735904178,0.478221264647645,0.46597364235401045,0.503616061284773,0.5437431944333785,0.5727048173367192
0.20530358360112957,0.18129402408543513,0.14701407147726164,0.12600423605024832,0.10401450968935631,0.07904615834063684,0.11974145486415426,0.12563905930470345,0.13130538513974094,0.11754430811179277,0.13495802206363117,0.15228739757661755,1.0,0.09212192034277923,0.15080988087123054,0.09051270815074496,0.11250573849171569,0.14642126789366053,0.1353527607361963
0.15298471126691984,0.14731838543188233,0.1520595968448729,0.2644549128444834,0.16048300710877397,0.08098402960366151,0.3367599084623625,0.3415802415035543,0.11478722368292921,0.2551855097867368,0.36004601226993865,0.2774247735904178,0.09212192034277923,1.0,0.21216768916155418,0.2294040315512708,0.1845907585938261,0.4941815171876522,0.13654567143830948
0.24602826815797893,0.2588482325445516,0.3636490894926478,0.2757856918132992,0.39251631122796765,0.28996737754406465,0.39057478819748753,0.4100715746421268,0.4602809426429058,0.3895157756354075,0.37758105051049834,0.478221264647645,0.15080988087123054,0.21216768916155418,1.0,0.322942837666764,0.4322714180843015,0.3948507373865247,0.4650994029828386
0.23510078878177035,0.22885423767325608,0.2963294327046883,0.2748286989084535,0.34838470152887324,0.16911943714090952,0.499433299791173,0.36602395559450773,0.45433586522543573,0.472522478657448,0.465080988087123,0.46597364235401045,0.09051270815074496,0.2294040315512708,0.322942837666764,1.0,0.3464147758626286,0.4260577953062616,0.3669868049469276
0.38544405492258255,0.3264294640828383,0.3359553023663453,0.3452965235173824,0.40550443081117926,0.34038920350270047,0.3794833744987119,0.41387119186198934,0.45018146475201687,0.43268940500535596,0.570363472587399,0.503616061284773,0.11250573849171569,0.1845907585938261,0.4322714180843015,0.3464147758626286,1.0,0.4831653520303827,0.5888014203636465
0.3321039049566657,0.30269500438212094,0.3525294575908073,0.34683325365840706,0.4267577174018891,0.29069341530997966,0.3737957862081438,0.4464090953354756,0.40783326251117663,0.5106683777805601,0.4852549745187782,0.5437431944333785,0.14642126789366053,0.4941815171876522,0.3948507373865247,0.4260577953062616,0.4831653520303827,1.0,0.5272093193105464
0.40481668127373643,0.31797156490408024,0.3885724023760833,0.34980889083649824,0.434276300840718,0.2854498092228153,0.32726463682496404,0.42043794651156613,0.47219123752866077,0.41871165644171776,0.5042734373913164,0.5727048173367192,0.1353527607361963,0.13654567143830948,0.4650994029828386,0.3669868049469276,0.5888014203636465,0.5272093193105464,1.0
