Cost,Customer Support,Customization Options,Ease of Use,Feature Set,Geographical Availability,Integration Capabilities,In App Purchases,Monthly Active Users,Number of Downloads,Platform Availability,Security and Privacy,Update Frequency,User Base,User Engagement,User Ratings
1.0,0.45198056386102625,0.32630431437322577,0.5027774975890164,0.47360182014884405,0.46067067651421667,0.396687593101181,0.42102145373748356,0.40136277319139174,0.4254450489366491,0.49809432510861507,0.22752807752525453,0.44448856075499005,0.42961435737701,0.4588775148129014,0.46180052661883153
0.45198056386102625,1.0,0.3584215868474388,0.5661731639918938,0.5782288897365262,0.5027653867225605,0.46175577768736265,0.5018542011597923,0.42543432703409245,0.44656450488696053,0.5612526287842361,0.24504745413526532,0.5256025994450322,0.4572015879928064,0.49946850269245135,0.536225232880997
0.32630431437322577,0.3584215868474388,1.0,0.3749726569910994,0.40383795842098136,0.3177257672778163,0.35096234605156484,0.32201856035985277,0.26726637709124745,0.291458354717386,0.3642768408144195,0.19308734751716577,0.3628900238672396,0.2902768338442071,0.34943299941554945,0.3618236383582133
0.5027774975890164,0.5661731639918937,0.3749726569910995,1.0,0.6003966480195106,0.5648702082554079,0.46168666254784635,0.5252317569418775,0.4701467789421135,0.5084638325343235,0.5942238362077197,0.25958150305855215,0.5574502757935179,0.5011943053588553,0.5305119418983529,0.5698688309486953
0.47360182014884405,0.5782288897365262,0.40383795842098136,0.6003966480195106,1.0,0.5371279561409589,0.4845713873251638,0.5169150354986287,0.461890848471338,0.48740244931220983,0.5957929459816931,0.2640064185038926,0.5717014652311531,0.4992182480090486,0.5549778828231153,0.5528576162417338
0.46067067651421667,0.5027653867225605,0.3177257672778163,0.5648702082554079,0.5371279561409589,1.0,0.4263069845545588,0.4897475787286886,0.5533975775914283,0.559341433949905,0.5962370542574206,0.2562833924920328,0.5426023112367699,0.5844573437435551,0.5604119983055361,0.5197114429867791
0.396687593101181,0.46175577768736265,0.35096234605156484,0.46168666254784635,0.4845713873251638,0.4263069845545588,1.0,0.39597747468964045,0.3738702172623496,0.38054015288310916,0.46398871905627426,0.20626063799346622,0.4214327141559752,0.3909622558481266,0.43928705502708515,0.4272557527617683
0.42102145373748356,0.5018542011597923,0.32201856035985277,0.5252317569418774,0.5169150354986287,0.4897475787286886,0.39597747468964045,1.0,0.41759412111705635,0.45406824789634675,0.5105277180958153,0.2188222751817328,0.5165927824250289,0.4411908781101374,0.4920604501177248,0.48180157538762114
0.40136277319139174,0.42543432703409245,0.2672663770912475,0.4701467789421135,0.461890848471338,0.5533975775914283,0.3738702172623496,0.41759412111705635,1.0,0.5678926407854216,0.5077502715219235,0.2188344909292054,0.4837122401448163,0.6657179045952821,0.5682322970278315,0.46975846613621197
0.4254450489366491,0.44656450488696053,0.291458354717386,0.5084638325343235,0.48740244931220983,0.559341433949905,0.3805401528831091,0.45406824789634675,0.5678926407854216,1.0,0.5307524714110967,0.22126528224169864,0.50845289851242,0.606856948959843,0.5497202046508282,0.4935764993171329
0.49809432510861507,0.5612526287842361,0.3642768408144195,0.5942238362077197,0.5957929459816931,0.5962370542574206,0.46398871905627426,0.5105277180958153,0.5077502715219235,0.5307524714110967,1.0,0.25558092235141794,0.554198341781617,0.5280210423973449,0.5515770049984723,0.5570938291574656
0.22752807752525453,0.24504745413526532,0.19308734751716577,0.25958150305855215,0.2640064185038926,0.2562833924920328,0.20626063799346617,0.2188222751817328,0.2188344909292054,0.22126528224169864,0.25558092235141794,1.0,0.2580457128135061,0.2339671609461686,0.2414951956988352,0.23661288963680235
0.44448856075499005,0.5256025994450323,0.3628900238672396,0.5574502757935178,0.5717014652311531,0.5426023112367699,0.4214327141559752,0.5165927824250289,0.4837122401448163,0.5084528985124199,0.5541983417816169,0.2580457128135061,1.0,0.5020008399148341,0.5639860622917068,0.5336231822387459
0.42961435737701,0.4572015879928064,0.2902768338442071,0.5011943053588553,0.4992182480090487,0.5844573437435551,0.3909622558481266,0.4411908781101374,0.6657179045952819,0.606856948959843,0.5280210423973449,0.2339671609461686,0.5020008399148341,1.0,0.5899421095994466,0.49157935004761966
0.4588775148129014,0.49946850269245135,0.3494329994155495,0.5305119418983528,0.5549778828231153,0.5604119983055361,0.43928705502708515,0.4920604501177248,0.5682322970278315,0.5497202046508282,0.5515770049984723,0.2414951956988352,0.5639860622917068,0.5899421095994466,1.0,0.559380967027003
0.46180052661883153,0.5362252328809969,0.3618236383582133,0.5698688309486953,0.5528576162417338,0.5197114429867791,0.4272557527617683,0.48180157538762114,0.46975846613621186,0.4935764993171329,0.5570938291574656,0.2366128896368024,0.5336231822387459,0.49157935004761966,0.559380967027003,1.0
